0.9999820001 0.0000000000 0.0059999640 -0.0006985195
0.0000719978 0.9999280009 -0.0119994960 0.0013969888
-0.0059995320 0.0119997120 0.9999100022 0.0000104776
0.0000000000 0.0000000000 0.0000000000 1.0000000000
