0.9999595032 0.0000539970 0.0089993925 -0.0010477148
0.0002699476 0.9993520714 -0.0359911717 0.0041901145
-0.0089955050 0.0359921435 0.9993115863 0.0000801456
0.0000000000 0.0000000000 0.0000000000 1.0000000000
