0.9996355221 0.0000000000 -0.0269967196 0.0037288085
-0.0000809900 0.9999955000 -0.0029989021 0.0004142108
0.0269965981 0.0029999955 0.9996310238 0.0000509633
0.0000000000 0.0000000000 0.0000000000 1.0000000000
