0.9999820001 0.0000000000 0.0059999640 -0.0006985195
0.0000179999 0.9999955000 -0.0029999415 0.0003492550
-0.0059999370 0.0029999955 0.9999775001 0.0000026194
0.0000000000 0.0000000000 0.0000000000 1.0000000000
