0.9999820001 -0.0000000000 0.0059999640 -0.0006985195
0.0000359996 0.9999820001 -0.0059998560 0.0006985070
-0.0059998560 0.0059999640 0.9999640004 0.0000041911
0.0000000000 0.0000000000 0.0000000000 1.0000000000
