0.9999595032 0.0000539970 0.0089993925 -0.0010477148
0.0001349897 0.9997795083 -0.0209980111 0.0024446015
-0.0089985421 0.0209983755 0.9997390132 0.0000303842
0.0000000000 0.0000000000 0.0000000000 1.0000000000
