0.9999595032 0.0000539970 0.0089993925 -0.0010477148
0.0003239154 0.9991181316 -0.0419863574 0.0048880777
-0.0089937234 0.0419875721 0.9990776530 0.0001073802
0.0000000000 0.0000000000 0.0000000000 1.0000000000
